% 08-Nov-2023 21:30:51, created by disp_th_moments.m 
 
\begin{center}
\begin{longtable}{lccccccccccc} 
\caption{MATRIX OF CORRELATIONS}\\
 \label{Table:th_corr_matrix}\\
\toprule 
$Variables   $	 & 	 $             y$	 & 	 $     {\bar y}$	 & 	 $     {\bar r}$	 & 	 $             r$	 & 	 $             s$	 & 	 $        {\pi}$	 & 	 $         {y^*}$	 & 	 $         {w-p}$	 & 	 $             a$	 & 	 $             c$	 & 	 $   \Delta e_t$\\
\midrule \endfirsthead 
\caption{(continued)}\\
 \toprule \\ 
$Variables   $	 & 	 $             y$	 & 	 $     {\bar y}$	 & 	 $     {\bar r}$	 & 	 $             r$	 & 	 $             s$	 & 	 $        {\pi}$	 & 	 $         {y^*}$	 & 	 $         {w-p}$	 & 	 $             a$	 & 	 $             c$	 & 	 $   \Delta e_t$\\
\midrule \endhead 
\midrule \multicolumn{12}{r}{(Continued on next page)} \\ \bottomrule \endfoot 
\bottomrule \endlastfoot 
$y           $	 & 	        1.0000	 & 	        1.0000	 & 	       -1.0000	 & 	       -1.0000	 & 	        0.3433	 & 	        0.1938	 & 	        0.2660	 & 	        0.7779	 & 	        1.0000	 & 	        0.7779	 & 	        0.1938 \\ 
${\bar y}    $	 & 	        1.0000	 & 	        1.0000	 & 	       -1.0000	 & 	       -1.0000	 & 	        0.3433	 & 	        0.1938	 & 	        0.2660	 & 	        0.7779	 & 	        1.0000	 & 	        0.7779	 & 	        0.1938 \\ 
${\bar r}    $	 & 	       -1.0000	 & 	       -1.0000	 & 	        1.0000	 & 	        1.0000	 & 	       -0.3433	 & 	       -0.1938	 & 	       -0.2660	 & 	       -0.7779	 & 	       -1.0000	 & 	       -0.7779	 & 	       -0.1938 \\ 
$r           $	 & 	       -1.0000	 & 	       -1.0000	 & 	        1.0000	 & 	        1.0000	 & 	       -0.3433	 & 	       -0.1938	 & 	       -0.2660	 & 	       -0.7779	 & 	       -1.0000	 & 	       -0.7779	 & 	       -0.1938 \\ 
$s           $	 & 	        0.3433	 & 	        0.3433	 & 	       -0.3433	 & 	       -0.3433	 & 	        1.0000	 & 	        0.3011	 & 	       -0.8141	 & 	       -0.3232	 & 	        0.3433	 & 	       -0.3232	 & 	        0.3011 \\ 
${\pi}       $	 & 	        0.1938	 & 	        0.1938	 & 	       -0.1938	 & 	       -0.1938	 & 	        0.3011	 & 	        1.0000	 & 	       -0.1892	 & 	       -0.0062	 & 	        0.1938	 & 	       -0.0062	 & 	        1.0000 \\ 
${y^*}       $	 & 	        0.2660	 & 	        0.2660	 & 	       -0.2660	 & 	       -0.2660	 & 	       -0.8141	 & 	       -0.1892	 & 	        1.0000	 & 	        0.8126	 & 	        0.2660	 & 	        0.8126	 & 	       -0.1892 \\ 
${w-p}       $	 & 	        0.7779	 & 	        0.7779	 & 	       -0.7779	 & 	       -0.7779	 & 	       -0.3232	 & 	       -0.0062	 & 	        0.8126	 & 	        1.0000	 & 	        0.7779	 & 	        1.0000	 & 	       -0.0062 \\ 
$a           $	 & 	        1.0000	 & 	        1.0000	 & 	       -1.0000	 & 	       -1.0000	 & 	        0.3433	 & 	        0.1938	 & 	        0.2660	 & 	        0.7779	 & 	        1.0000	 & 	        0.7779	 & 	        0.1938 \\ 
$c           $	 & 	        0.7779	 & 	        0.7779	 & 	       -0.7779	 & 	       -0.7779	 & 	       -0.3232	 & 	       -0.0062	 & 	        0.8126	 & 	        1.0000	 & 	        0.7779	 & 	        1.0000	 & 	       -0.0062 \\ 
$\Delta e_t  $	 & 	        0.1938	 & 	        0.1938	 & 	       -0.1938	 & 	       -0.1938	 & 	        0.3011	 & 	        1.0000	 & 	       -0.1892	 & 	       -0.0062	 & 	        0.1938	 & 	       -0.0062	 & 	        1.0000 \\ 
\end{longtable}
 \end{center}
% End of TeX file.
