Starting Dynare (version 5.4).
Calling Dynare with arguments: savemacro=NK_Inv_MonPol_FINAL.mod
Starting preprocessing of the model file ...
Found 12 equation(s).
Evaluating expressions...done
Computing static model derivatives (order 1).
Computing dynamic model derivatives (order 2).
Processing outputs ...
done
Preprocessing completed.


STEADY-STATE RESULTS:

PIt  		 0
Pt   		 0
LAMt 		 0
Ct   		 0
Lt   		 0
Rt   		 0
Kt   		 0
It   		 0
Wt   		 0
ZAt  		 0
Yt   		 0
ZMt  		 0

EIGENVALUES:
         Modulus             Real        Imaginary

          0.8327           0.8278           0.0899
          0.8327           0.8278          -0.0899
             0.9              0.9                0
            0.95             0.95                0
          0.9581           0.9581                0
           1.062            1.062                0
           1.235            1.235                0
       8.016e+16       -8.016e+16                0
             Inf              Inf                0


There are 4 eigenvalue(s) larger than 1 in modulus 
for 4 forward-looking variable(s)

The rank condition is verified.


MODEL SUMMARY

  Number of variables:         12
  Number of stochastic shocks: 2
  Number of state variables:   5
  Number of jumpers:           4
  Number of static variables:  5


MATRIX OF COVARIANCE OF EXOGENOUS SHOCKS
Variables    epsilonA  epsilonM
epsilonA     0.000100  0.000000
epsilonM     0.000000  0.000100

POLICY AND TRANSITION FUNCTIONS
                                 ZAt             ZMt              Yt              Pt             PIt            LAMt              Ct              Lt              Rt              Kt              It              Wt
Kt(-1)                             0               0        0.396961        0.151360        0.151360        0.542256        0.379299        0.072248        0.090577        0.986690        0.467609        1.018329
ZAt(-1)                     0.950000               0        0.782184       -0.116716       -0.116716       -0.698746        0.364443       -0.258179       -0.033279        0.061329        2.453147        0.224900
ZMt(-1)                            0        0.900000        0.212928        0.377389        0.377389        0.509419       -0.048303        0.327581        1.099736        0.031446        1.257852        0.772154
Pt(-1)                             0               0       -0.243483        0.784584       -0.215416       -0.659209        0.016890       -0.374589       -0.118108       -0.032124       -1.284976        0.256481
Rt(-1)                             0               0        0.195970        0.089896        0.089896        0.556593       -0.000584        0.301492        0.842459        0.024555        0.982183        0.540967
epsilonA                    1.000000               0        0.823351       -0.122859       -0.122859       -0.735522        0.383624       -0.271768       -0.035030        0.064556        2.582260        0.236737
epsilonM                           0        1.000000        0.236587        0.419321        0.419321        0.566021       -0.053670        0.363979        1.221929        0.034940        1.397614        0.857949


THEORETICAL MOMENTS
VARIABLE         MEAN  STD. DEV.   VARIANCE
ZAt            0.0000     0.0320     0.0010
ZMt            0.0000     0.0229     0.0005
Yt             0.0000     0.0419     0.0018
Pt             0.0000     0.0873     0.0076
PIt            0.0000     0.0096     0.0001
LAMt           0.0000     0.0329     0.0011
Ct             0.0000     0.0294     0.0009
Lt             0.0000     0.0191     0.0004
Rt             0.0000     0.1028     0.0106
Kt             0.0000     0.0528     0.0028
It             0.0000     0.1132     0.0128
Wt             0.0000     0.1237     0.0153



VARIANCE DECOMPOSITION (in percent)
        epsilonA  epsilonM
ZAt       100.00      0.00
ZMt         0.00    100.00
Yt         91.40      8.60
Pt         11.43     88.57
PIt         5.99     94.01
LAMt       13.84     86.16
Ct         96.27      3.73
Lt         27.46     72.54
Rt          0.71     99.29
Kt         93.62      6.38
It         75.71     24.29
Wt         29.25     70.75



MATRIX OF CORRELATIONS
Variables        ZAt      ZMt       Yt       Pt      PIt     LAMt       Ct       Lt       Rt       Kt       It       Wt
ZAt           1.0000   0.0000   0.9216   0.0566   0.0257  -0.2057   0.8207  -0.3453   0.0555   0.6203   0.8531   0.3507
ZMt           0.0000   1.0000   0.2682   0.7129   0.6484   0.8036   0.0952   0.6739   0.8918   0.1741   0.3977   0.7042
Yt            0.9216   0.2682   1.0000   0.3216   0.2564   0.1430   0.9115  -0.1474   0.3312   0.7998   0.9039   0.6266
Pt            0.0566   0.7129   0.3216   1.0000   0.0550   0.5441   0.3911   0.1760   0.8909   0.5111   0.1888   0.9325
PIt           0.0257   0.6484   0.2564   0.0550   1.0000   0.7738  -0.0028   0.7640   0.3864   0.0498   0.4777   0.2140
LAMt         -0.2057   0.8036   0.1430   0.5441   0.7738   1.0000  -0.0172   0.8384   0.7798   0.1310   0.2826   0.5696
Ct            0.8207   0.0952   0.9115   0.3911  -0.0028  -0.0172   1.0000  -0.4453   0.2136   0.9556   0.6480   0.6490
Lt           -0.3453   0.6739  -0.1474   0.1760   0.7640   0.8384  -0.4453   1.0000   0.5666  -0.3863   0.1901   0.1434
Rt            0.0555   0.8918   0.3312   0.8909   0.3864   0.7798   0.2136   0.5666   1.0000   0.2895   0.3912   0.8613
Kt            0.6203   0.1741   0.7998   0.5111   0.0498   0.1310   0.9556  -0.3863   0.2895   1.0000   0.4872   0.7261
It            0.8531   0.3977   0.9039   0.1888   0.4777   0.2826   0.6480   0.1901   0.3912   0.4872   1.0000   0.4855
Wt            0.3507   0.7042   0.6266   0.9325   0.2140   0.5696   0.6490   0.1434   0.8613   0.7261   0.4855   1.0000



COEFFICIENTS OF AUTOCORRELATION
Order          1       2       3       4       5
ZAt       0.9500  0.9025  0.8574  0.8145  0.7738
ZMt       0.9000  0.8100  0.7290  0.6561  0.5905
Yt        0.9777  0.9512  0.9219  0.8909  0.8591
Pt        0.9940  0.9773  0.9516  0.9186  0.8799
PIt       0.8807  0.7449  0.6046  0.4683  0.3416
LAMt      0.9425  0.8494  0.7367  0.6164  0.4967
Ct        0.9909  0.9808  0.9699  0.9581  0.9456
Lt        0.9580  0.8821  0.7878  0.6858  0.5839
Rt        0.9849  0.9481  0.8966  0.8360  0.7703
Kt        0.9988  0.9955  0.9901  0.9828  0.9739
It        0.9619  0.9104  0.8509  0.7873  0.7227
Wt        0.9927  0.9739  0.9463  0.9124  0.8741
Total computing time : 0h00m10s
